000920464
000851150
000928738
000928962
000929142
000914534
000929051
000922635
000028963
000384807
000316213
000929085
MRN:
000928993
000824176
000928999
000928978
000450556
000413128
000315213
000929000
000929339
MRN:
000928950
000929170
000867825
000928967
000928996
000929231
000750678
000837925
MRN:
MRN:
000924610
000917491
000928960
000929350
000902581
000928982
000929171
000550357
000877485
MRN:
000840020
000880994
000028831
000928729
000927590
000928976
000928244
000929174
000929086
000917174
000803811
0O006591556
000928994
000928536
000928964
000929548
MRN:
000927916
000925710
000929591
